1.192092895507812500e-07 -6.440506875514984131e-02 5.561177134513854980e-01 1.302499324083328247e-02 7.524312734603881836e-01 -5.316749215126037598e-02 6.765164732933044434e-01 -1.095526367425918579e-01 6.854073405265808105e-01 -1.333452761173248291e-02 3.509973585605621338e-01 1.098176017403602600e-01 8.956024050712585449e-02 4.350698590278625488e-01 1.410523504018783569e-01 4.887854680418968201e-02 -1.601038575172424316e-01 -2.945229709148406982e-01 -1.364544928073883057e-01 -2.425118535757064819e-01
-6.440506875514984131e-02 -2.980232238769531250e-07 -8.996555581688880920e-03 9.307062029838562012e-01 -1.718143522739410400e-01 9.414317011833190918e-01 2.311030402779579163e-03 9.036652445793151855e-01 9.047151356935501099e-02 8.582655191421508789e-01 -3.249914348125457764e-01 -1.354319155216217041e-01 -1.024470925331115723e-01 -9.383869171142578125e-02 2.820639908313751221e-01 -1.124160438776016235e-01 5.137085914611816406e-01 4.338280558586120605e-01 -6.782142817974090576e-02 -9.431651234626770020e-02
5.561177134513854980e-01 -8.996555581688880920e-03 0.000000000000000000e+00 -3.249056637287139893e-03 7.816340327262878418e-01 -4.861233010888099670e-02 8.687399625778198242e-01 2.004271373152732849e-03 8.309063911437988281e-01 -5.818022787570953369e-02 3.451570868492126465e-01 5.986651033163070679e-02 -8.157385885715484619e-02 -3.770349919795989990e-01 -3.894011378288269043e-01 1.441069394350051880e-01 4.732643812894821167e-02 -2.321889102458953857e-01 4.072564467787742615e-02 2.301452755928039551e-01
1.302499324083328247e-02 9.307062029838562012e-01 -3.249056637287139893e-03 -5.960464477539062500e-08 -2.048070579767227173e-01 9.642417430877685547e-01 3.643479943275451660e-02 9.408001899719238281e-01 1.120730787515640259e-01 9.240063428878784180e-01 -4.311574697494506836e-01 -3.047283291816711426e-01 -2.723830044269561768e-01 6.906285881996154785e-03 3.082687258720397949e-01 -2.523498237133026123e-01 4.843896627426147461e-01 5.361953377723693848e-01 -8.855262398719787598e-02 -7.559839636087417603e-02
7.524312734603881836e-01 -1.718143522739410400e-01 7.816340327262878418e-01 -2.048070579767227173e-01 0.000000000000000000e+00 -2.596136331558227539e-01 8.280351161956787109e-01 -2.471686154603958130e-01 7.705955505371093750e-01 -2.713970243930816650e-01 6.836846470832824707e-01 2.071965187788009644e-01 1.272532641887664795e-01 -1.121129021048545837e-01 -3.563104569911956787e-01 2.218715697526931763e-01 -1.633292138576507568e-01 -5.639460086822509766e-01 -1.699026525020599365e-01 9.274855256080627441e-04
-5.316749215126037598e-02 9.414317011833190918e-01 -4.861233010888099670e-02 9.642417430877685547e-01 -2.596136331558227539e-01 1.192092895507812500e-07 -3.389540314674377441e-02 9.635728001594543457e-01 6.065385416150093079e-02 9.511974453926086426e-01 -4.487379193305969238e-01 -3.163285553455352783e-01 -2.786722779273986816e-01 5.058214068412780762e-03 3.398798406124114990e-01 -2.687237560749053955e-01 6.014544963836669922e-01 5.609374046325683594e-01 -9.004658460617065430e-02 -6.786378473043441772e-02
6.765164732933044434e-01 2.311030402779579163e-03 8.687399625778198242e-01 3.643479943275451660e-02 8.280351161956787109e-01 -3.389540314674377441e-02 1.192092895507812500e-07 2.986285835504531860e-04 8.957190513610839844e-01 -2.871295996010303497e-02 4.467179775238037109e-01 -5.515181273221969604e-02 -1.620754003524780273e-01 -2.670474648475646973e-01 -3.805994093418121338e-01 -2.235221490263938904e-02 7.933469489216804504e-03 -2.659527063369750977e-01 -4.074618220329284668e-02 7.590210437774658203e-02
-1.095526367425918579e-01 9.036652445793151855e-01 2.004271373152732849e-03 9.408001899719238281e-01 -2.471686154603958130e-01 9.635728001594543457e-01 2.986285835504531860e-04 -3.576278686523437500e-07 8.339306712150573730e-02 9.354424476623535156e-01 -4.275278449058532715e-01 -3.361695110797882080e-01 -3.160154223442077637e-01 -1.020473986864089966e-01 2.696704864501953125e-01 -2.872151136398315430e-01 6.101666688919067383e-01 5.423276424407958984e-01 -1.023866832256317139e-01 1.712912321090698242e-02
6.854073405265808105e-01 9.047151356935501099e-02 8.309063911437988281e-01 1.120730787515640259e-01 7.705955505371093750e-01 6.065385416150093079e-02 8.957190513610839844e-01 8.339306712150573730e-02 -3.576278686523437500e-07 5.929648503661155701e-02 3.291140794754028320e-01 -1.085107624530792236e-01 -1.642164736986160278e-01 -1.842108815908432007e-01 -2.524286806583404541e-01 -7.580727338790893555e-02 7.731568068265914917e-02 -1.283953785896301270e-01 -2.562022395431995392e-02 -8.348308503627777100e-03
-1.333452761173248291e-02 8.582655191421508789e-01 -5.818022787570953369e-02 9.240063428878784180e-01 -2.713970243930816650e-01 9.511974453926086426e-01 -2.871295996010303497e-02 9.354424476623535156e-01 5.929648503661155701e-02 0.000000000000000000e+00 -5.000713467597961426e-01 -3.880670964717864990e-01 -3.669708371162414551e-01 6.690011918544769287e-02 3.868899047374725342e-01 -3.633963465690612793e-01 6.316933035850524902e-01 5.862094163894653320e-01 -1.147947907447814941e-01 3.032159060239791870e-02
3.509973585605621338e-01 -3.249914348125457764e-01 3.451570868492126465e-01 -4.311574697494506836e-01 6.836846470832824707e-01 -4.487379193305969238e-01 4.467179775238037109e-01 -4.275278449058532715e-01 3.291140794754028320e-01 -5.000713467597961426e-01 -4.768371582031250000e-07 3.944809436798095703e-01 3.699315488338470459e-01 -1.738385558128356934e-01 -4.019332528114318848e-01 3.661364018917083740e-01 -2.904759645462036133e-01 -7.704542875289916992e-01 -2.405337989330291748e-01 -1.351692676544189453e-01
1.098176017403602600e-01 -1.354319155216217041e-01 5.986651033163070679e-02 -3.047283291816711426e-01 2.071965187788009644e-01 -3.163285553455352783e-01 -5.515181273221969604e-02 -3.361695110797882080e-01 -1.085107624530792236e-01 -3.880670964717864990e-01 3.944809436798095703e-01 -2.384185791015625000e-07 8.684775829315185547e-01 1.041753888130187988e-01 1.564536392688751221e-01 8.429351449012756348e-01 -4.327941238880157471e-01 -6.159895062446594238e-01 1.200848370790481567e-01 -8.920489996671676636e-02
8.956024050712585449e-02 -1.024470925331115723e-01 -8.157385885715484619e-02 -2.723830044269561768e-01 1.272532641887664795e-01 -2.786722779273986816e-01 -1.620754003524780273e-01 -3.160154223442077637e-01 -1.642164736986160278e-01 -3.669708371162414551e-01 3.699315488338470459e-01 8.684775829315185547e-01 -1.192092895507812500e-07 1.836324185132980347e-01 1.924239397048950195e-01 8.004530072212219238e-01 -3.925964832305908203e-01 -5.090178847312927246e-01 -1.078338772058486938e-01 -3.039879202842712402e-01
4.350698590278625488e-01 -9.383869171142578125e-02 -3.770349919795989990e-01 6.906285881996154785e-03 -1.121129021048545837e-01 5.058214068412780762e-03 -2.670474648475646973e-01 -1.020473986864089966e-01 -1.842108815908432007e-01 6.690011918544769287e-02 -1.738385558128356934e-01 1.041753888130187988e-01 1.836324185132980347e-01 0.000000000000000000e+00 6.950485110282897949e-01 -3.912485390901565552e-02 -1.531182825565338135e-01 2.562623284757137299e-02 -8.968466520309448242e-02 -3.611997365951538086e-01
1.410523504018783569e-01 2.820639908313751221e-01 -3.894011378288269043e-01 3.082687258720397949e-01 -3.563104569911956787e-01 3.398798406124114990e-01 -3.805994093418121338e-01 2.696704864501953125e-01 -2.524286806583404541e-01 3.868899047374725342e-01 -4.019332528114318848e-01 1.564536392688751221e-01 1.924239397048950195e-01 6.950485110282897949e-01 2.384185791015625000e-07 -1.196883618831634521e-03 2.572616189718246460e-02 2.173439264297485352e-01 9.052794426679611206e-02 -3.001613616943359375e-01
4.887854680418968201e-02 -1.124160438776016235e-01 1.441069394350051880e-01 -2.523498237133026123e-01 2.218715697526931763e-01 -2.687237560749053955e-01 -2.235221490263938904e-02 -2.872151136398315430e-01 -7.580727338790893555e-02 -3.633963465690612793e-01 3.661364018917083740e-01 8.429351449012756348e-01 8.004530072212219238e-01 -3.912485390901565552e-02 -1.196883618831634521e-03 0.000000000000000000e+00 -4.050327241420745850e-01 -5.725292563438415527e-01 -4.889780655503273010e-03 -1.211374700069427490e-01
-1.601038575172424316e-01 5.137085914611816406e-01 4.732643812894821167e-02 4.843896627426147461e-01 -1.633292138576507568e-01 6.014544963836669922e-01 7.933469489216804504e-03 6.101666688919067383e-01 7.731568068265914917e-02 6.316933035850524902e-01 -2.904759645462036133e-01 -4.327941238880157471e-01 -3.925964832305908203e-01 -1.531182825565338135e-01 2.572616189718246460e-02 -4.050327241420745850e-01 -4.172325134277343750e-07 4.962479174137115479e-01 -2.124066054821014404e-01 2.965083122253417969e-01
-2.945229709148406982e-01 4.338280558586120605e-01 -2.321889102458953857e-01 5.361953377723693848e-01 -5.639460086822509766e-01 5.609374046325683594e-01 -2.659527063369750977e-01 5.423276424407958984e-01 -1.283953785896301270e-01 5.862094163894653320e-01 -7.704542875289916992e-01 -6.159895062446594238e-01 -5.090178847312927246e-01 2.562623284757137299e-02 2.173439264297485352e-01 -5.725292563438415527e-01 4.962479174137115479e-01 1.192092895507812500e-07 1.509619802236557007e-01 3.797218203544616699e-03
-1.364544928073883057e-01 -6.782142817974090576e-02 4.072564467787742615e-02 -8.855262398719787598e-02 -1.699026525020599365e-01 -9.004658460617065430e-02 -4.074618220329284668e-02 -1.023866832256317139e-01 -2.562022395431995392e-02 -1.147947907447814941e-01 -2.405337989330291748e-01 1.200848370790481567e-01 -1.078338772058486938e-01 -8.968466520309448242e-02 9.052794426679611206e-02 -4.889780655503273010e-03 -2.124066054821014404e-01 1.509619802236557007e-01 2.384185791015625000e-07 1.194149404764175415e-01
-2.425118535757064819e-01 -9.431651234626770020e-02 2.301452755928039551e-01 -7.559839636087417603e-02 9.274855256080627441e-04 -6.786378473043441772e-02 7.590210437774658203e-02 1.712912321090698242e-02 -8.348308503627777100e-03 3.032159060239791870e-02 -1.351692676544189453e-01 -8.920489996671676636e-02 -3.039879202842712402e-01 -3.611997365951538086e-01 -3.001613616943359375e-01 -1.211374700069427490e-01 2.965083122253417969e-01 3.797218203544616699e-03 1.194149404764175415e-01 -3.576278686523437500e-07
